agent,animal,animal_points,animal_valid_points,arts and crafts supply,arts and crafts supply_points,arts and crafts supply_valid_points,bird,bird_points,bird_valid_points,body part,body part_points,body part_valid_points,breakfast food,breakfast food_points,breakfast food_valid_points,candy,candy_points,candy_valid_points,clothing,clothing_points,clothing_valid_points,clothing accessory,clothing accessory_points,clothing accessory_valid_points,condiment,condiment_points,condiment_valid_points,construction equipment,construction equipment_points,construction equipment_valid_points,container,container_points,container_valid_points,dessert,dessert_points,dessert_valid_points,drink,drink_points,drink_valid_points,electronic device,electronic device_points,electronic device_valid_points,farm animal,farm animal_points,farm animal_valid_points,fastener,fastener_points,fastener_valid_points,food,food_points,food_valid_points,footwear,footwear_points,footwear_valid_points,fruit,fruit_points,fruit_valid_points,furniture,furniture_points,furniture_valid_points,game,game_points,game_valid_points,garden tool,garden tool_points,garden tool_valid_points,hardware,hardware_points,hardware_valid_points,headwear,headwear_points,headwear_valid_points,home appliance,home appliance_points,home appliance_valid_points,home decor,home decor_points,home decor_valid_points,insect,insect_points,insect_valid_points,jewelry,jewelry_points,jewelry_valid_points,kitchen appliance,kitchen appliance_points,kitchen appliance_valid_points,kitchen tool,kitchen tool_points,kitchen tool_valid_points,lighting,lighting_points,lighting_valid_points,mammal,mammal_points,mammal_valid_points,medical equipment,medical equipment_points,medical equipment_valid_points,musical instrument,musical instrument_points,musical instrument_valid_points,office supply,office supply_points,office supply_valid_points,outerwear,outerwear_points,outerwear_valid_points,part of car,part of car_points,part of car_valid_points,personal hygiene item,personal hygiene item_points,personal hygiene item_valid_points,plant,plant_points,plant_valid_points,protective clothing,protective clothing_points,protective clothing_valid_points,safety equipment,safety equipment_points,safety equipment_valid_points,school supply,school supply_points,school supply_valid_points,scientific equipment,scientific equipment_points,scientific equipment_valid_points,sea animal,sea animal_points,sea animal_valid_points,seafood,seafood_points,seafood_valid_points,sports equipment,sports equipment_points,sports equipment_valid_points,tool,tool_points,tool_valid_points,toy,toy_points,toy_valid_points,vegetable,vegetable_points,vegetable_valid_points,vehicle,vehicle_points,vehicle_valid_points,watercraft,watercraft_points,watercraft_valid_points,weapon,weapon_points,weapon_valid_points,women's clothing,women's clothing_points,women's clothing_valid_points,total,total_valid
prototypical_agent,maus,5,5,marker,5,0,möwe,5,5,muskel,5,0,müsli,5,0,mints,10,0,mantel,5,5,mütze,5,0,mayonnaise,5,0,mörtel,10,0,maßband,5,0,mousse,5,0,milch,5,0,monitor,10,0,maulwurf,10,10,mutter,5,0,mango,5,5,möwe,10,10,mango,5,5,möbel,5,0,match,10,0,mulchgabel,10,0,motherboard,10,0,mütze,5,0,mikrowelle,5,0,mirror,5,0,mücke,5,0,marmor,5,0,mikrowelle,5,0,messer,5,5,manchmal,5,0,maus,5,5,monitor,10,0,mandoline,5,0,marker,5,0,mantel,5,5,motor,5,0,mundspülung,5,0,moos,5,0,maske,5,0,maske,5,0,marker,5,0,mikroskop,5,0,meeresschwein,10,0,muschel,5,0,maske,5,0,messer,5,5,marionette,5,0,möhre,10,0,motorrad,5,5,motorboot,5,0,messer,5,5,mantel,5,5,320,80
peripheral_agent,mungosta,10,0,malfarbe,10,0,märgelgans,10,0,muskel,5,0,muffins,5,0,mander,10,0,mantel,5,5,mütze,5,0,meerrettich,10,0,mischer,10,0,messbecher,10,0,mousse,5,0,mate,10,0,modul,10,0,mule,10,0,mutter,5,0,mohn,10,0,mules,10,0,mango,5,5,massivholzmöbel,10,0,monopoly,5,0,machete,10,0,modul,10,0,mitre,10,0,mixer,10,0,möbel,10,0,mücke,5,0,messing,10,0,mixer,5,0,messbecher,5,0,manometer,10,0,mungos,10,0,maske,5,0,mandoline,5,0,marker,5,0,mantel,5,5,mittelkonsole,10,0,mundspülung,5,0,moos,5,0,maske,5,0,mundschutz,10,0,marker,5,0,mikrometer,10,0,manatee,5,0,muschel,5,0,maske,5,0,messwerkzeug,10,0,märgelspielzeug,10,0,mangel,10,0,motorrad,5,5,manofwar,10,0,messer,5,5,mantel,5,5,405,30
frequency_based_agent,maus,5,5,marker,5,0,möwe,5,5,muskel,5,0,müsli,5,0,marzipan,5,0,mantel,5,5,mütze,5,0,mayonnaise,5,0,maschine,10,0,mulde,10,0,mousse,5,0,milch,5,0,modem,5,0,maus,5,5,mutter,5,0,mango,5,5,moose,10,0,mango,5,5,möbel,5,0,monopoly,5,0,mäher,5,0,maus,5,5,mütze,5,0,mikrowelle,5,0,mirror,5,0,mücke,5,0,marmor,5,0,mikrowelle,5,0,messbecher,5,0,mannequin,10,0,maus,5,5,maske,5,0,mandoline,5,0,marker,5,0,mantel,5,5,motor,5,0,mundspülung,5,0,moos,5,0,mask,10,0,maske,5,0,marker,5,0,mikroskop,5,0,meeresschlangen,10,0,muschel,5,0,maske,5,0,messer,5,5,marionette,5,0,mais,5,0,motorrad,5,5,motorboat,10,0,messer,5,5,mantel,5,5,300,65
random_agent,maus,5,5,marker,5,0,möwe,5,5,muskel,5,0,muffins,5,0,marzipan,5,0,mantel,5,5,mütze,5,0,mayonnaise,5,0,muldenkippe,10,0,maßband,5,0,mousse,5,0,milch,5,0,modem,5,0,maus,5,5,mutter,5,0,mango,5,5,mocassins,10,0,mango,5,5,möbel,5,0,monopoly,5,0,mäher,5,0,maus,5,5,mütze,5,0,mikrowelle,5,0,mirror,5,0,mücke,5,0,medaille,10,0,mixer,5,0,messer,5,5,manchmal,5,0,maus,5,5,maske,5,0,mandoline,5,0,marker,5,0,mantel,5,5,motor,5,0,mundspülung,5,0,moos,5,0,maske,5,0,maske,5,0,marker,5,0,mikroskop,5,0,manatee,5,0,muschel,5,0,maske,5,0,messer,5,5,marionette,5,0,mais,5,0,motorrad,5,5,motorboot,5,0,messer,5,5,mantel,5,5,280,70
