agent,animal,animal_points,animal_valid_points,arts and crafts supply,arts and crafts supply_points,arts and crafts supply_valid_points,bird,bird_points,bird_valid_points,body part,body part_points,body part_valid_points,breakfast food,breakfast food_points,breakfast food_valid_points,candy,candy_points,candy_valid_points,clothing,clothing_points,clothing_valid_points,clothing accessory,clothing accessory_points,clothing accessory_valid_points,condiment,condiment_points,condiment_valid_points,construction equipment,construction equipment_points,construction equipment_valid_points,container,container_points,container_valid_points,dessert,dessert_points,dessert_valid_points,drink,drink_points,drink_valid_points,electronic device,electronic device_points,electronic device_valid_points,farm animal,farm animal_points,farm animal_valid_points,fastener,fastener_points,fastener_valid_points,food,food_points,food_valid_points,footwear,footwear_points,footwear_valid_points,fruit,fruit_points,fruit_valid_points,furniture,furniture_points,furniture_valid_points,game,game_points,game_valid_points,garden tool,garden tool_points,garden tool_valid_points,hardware,hardware_points,hardware_valid_points,headwear,headwear_points,headwear_valid_points,home appliance,home appliance_points,home appliance_valid_points,home decor,home decor_points,home decor_valid_points,insect,insect_points,insect_valid_points,jewelry,jewelry_points,jewelry_valid_points,kitchen appliance,kitchen appliance_points,kitchen appliance_valid_points,kitchen tool,kitchen tool_points,kitchen tool_valid_points,lighting,lighting_points,lighting_valid_points,mammal,mammal_points,mammal_valid_points,medical equipment,medical equipment_points,medical equipment_valid_points,musical instrument,musical instrument_points,musical instrument_valid_points,office supply,office supply_points,office supply_valid_points,outerwear,outerwear_points,outerwear_valid_points,part of car,part of car_points,part of car_valid_points,personal hygiene item,personal hygiene item_points,personal hygiene item_valid_points,plant,plant_points,plant_valid_points,protective clothing,protective clothing_points,protective clothing_valid_points,safety equipment,safety equipment_points,safety equipment_valid_points,school supply,school supply_points,school supply_valid_points,scientific equipment,scientific equipment_points,scientific equipment_valid_points,sea animal,sea animal_points,sea animal_valid_points,seafood,seafood_points,seafood_valid_points,sports equipment,sports equipment_points,sports equipment_valid_points,tool,tool_points,tool_valid_points,toy,toy_points,toy_valid_points,vegetable,vegetable_points,vegetable_valid_points,vehicle,vehicle_points,vehicle_valid_points,watercraft,watercraft_points,watercraft_valid_points,weapon,weapon_points,weapon_valid_points,women's clothing,women's clothing_points,women's clothing_valid_points,total,total_valid
agent_0,wolf,5,0,wire,5,0,waxwing,5,0,wrist,5,0,waffles,5,0,werther,5,0,windbreaker,10,0,watch,5,0,wasabi,5,0,winch,5,0,wicker,10,0,waffle,5,0,water,5,0,walkman,5,0,weanling,10,0,washer,5,0,wasabi,5,0,wellington,10,0,watermelon,5,0,wardrobe,5,0,wii,10,0,wheelbarrow,5,0,webcam,5,0,wig,5,0,washer,5,0,wreath,5,0,weevil,5,0,watch,5,0,waffle,5,0,whisk,5,0,wall,10,0,wombat,5,0,wheelchair,5,0,washboard,10,0,whiteboard,5,0,windbreaker,5,0,wheel,5,0,washcloth,5,0,wisteria,10,0,wetsuit,10,0,whistle,5,0,worksheet,5,0,watchglass,5,0,walrus,10,0,whelk,5,0,whistle,5,0,wrench,5,0,wagon,5,0,watercress,5,0,wagon,5,0,windsurfer,10,0,whip,5,0,wiggle,5,0,320,0
agent_1,wolf,5,0,wire,5,0,wren,10,0,wrist,5,0,waffles,5,0,werther,5,0,wig,10,0,watch,5,0,wasabi,5,0,winch,5,0,wallet,5,0,waffle,5,0,whiskey,5,0,walkman,5,0,weasel,5,0,washer,5,0,wasabi,5,0,waders,5,0,watermelon,5,0,wardrobe,5,0,worms,10,0,weedwhacker,10,0,webcam,5,0,wig,5,0,washer,5,0,wreath,5,0,weevil,5,0,wristwatch,5,0,waffle,5,0,whisk,5,0,wallwasher,5,0,weasel,10,0,wheelchair,5,0,whistle,5,0,whiteboard,5,0,windbreaker,5,0,windshield,10,0,washcloth,5,0,willow,5,0,waders,5,0,whistle,5,0,worksheet,5,0,wash,5,0,whale,5,0,whelk,5,0,whistle,5,0,wrench,5,0,wagon,5,0,watercress,5,0,wagon,5,0,wherry,5,0,whip,5,0,wiggle,5,0,295,0
agent_2,wolf,5,0,wire,5,0,waxwing,5,0,wrist,5,0,waffles,5,0,werther,5,0,waistcoat,5,0,watch,5,0,wasabi,5,0,winch,5,0,wallet,5,0,waffle,5,0,water,5,0,walkman,5,0,weaner,10,0,washer,5,0,wasabi,5,0,waders,5,0,watermelon,5,0,wardrobe,5,0,wrestling,5,0,wheelbarrow,5,0,webcam,5,0,wig,5,0,washer,5,0,wreath,5,0,weevil,5,0,watch,5,0,waffle,5,0,whisk,5,0,wallwasher,5,0,wombat,5,0,wheelchair,5,0,whistle,5,0,whiteboard,5,0,windbreaker,5,0,wheel,5,0,washcloth,5,0,willow,5,0,waders,5,0,whistle,5,0,worksheet,5,0,wash,5,0,whale,5,0,whelk,5,0,whistle,5,0,wrench,5,0,wagon,5,0,watercress,5,0,wagon,5,0,wherry,5,0,warhammer,5,0,wrapdress,10,0,275,0
agent_3,wallaby,10,0,wire,5,0,woodpecker,10,0,wrist,5,0,waffles,5,0,werther,5,0,waistcoat,5,0,watch,5,0,wasabi,5,0,winch,5,0,wrapper,10,0,waffles,10,0,whiskey,5,0,walkman,5,0,weasel,5,0,washer,5,0,wasabi,5,0,wellingtons,10,0,watermelon,5,0,wardrobe,5,0,wrestling,5,0,weeder,10,0,webcam,5,0,wig,5,0,washer,5,0,wreath,5,0,weevil,5,0,wristwatch,5,0,waffle,5,0,whisk,5,0,wallwasher,5,0,walrus,10,0,walker,10,0,whistle,5,0,whiteboard,5,0,windbreaker,5,0,wheel,5,0,washcloth,5,0,willow,5,0,waders,5,0,whistle,5,0,whiteboard,10,0,watchglass,5,0,whale,5,0,whelk,5,0,whistle,5,0,wrench,5,0,wagon,5,0,watercress,5,0,wagon,5,0,wherry,5,0,warhammer,5,0,wiggle,5,0,310,0
